402.00,111851
400.00,112001
405.00,112149
400.00,112299
402.00,112448
402.00,112448
405.00,112596
405.00,112596
400.00,112746
400.00,112896
400.00,112896
405.00,113044
402.00,113193
402.00,113193
402.00,113342
402.00,113491
400.00,113641
405.00,113789
400.00,113939
402.00,114088
402.00,114088
400.00,114238
400.00,114238
402.00,114387
402.00,114536
402.00,114685
400.00,114835
402.00,114984
402.00,114984
400.00,115134
405.00,115282
405.00,115282
402.00,115431
402.00,115580
402.00,115580
400.00,115730
405.00,115878
405.00,115878
402.00,116027
402.00,116027
405.00,116175
405.00,116175
400.00,116325
402.00,116474
402.00,116623
402.00,116772
402.00,116772
400.00,116922
402.00,117071
402.00,117071
402.00,117220
402.00,117220
405.00,117368
400.00,117518
400.00,117518
402.00,117667
400.00,117817
405.00,117965
400.00,118115
402.00,118264
402.00,118264
400.00,118414
405.00,118562
405.00,118562
402.00,118711
402.00,118860
402.00,118860
400.00,119010
405.00,119158
400.00,119308
402.00,119457
400.00,119607
405.00,119755
405.00,119755
402.00,119904
402.00,120053
400.00,120203
405.00,120351
400.00,120501
402.00,120650
402.00,120650
400.00,120800
400.00,120800
402.00,120949
402.00,121098
402.00,121247
400.00,121397
400.00,121397
402.00,121546
402.00,121695
402.00,121844
400.00,121994
402.00,122143
402.00,122292
402.00,122441
400.00,122591
402.00,122740
402.00,122740
402.00,122889
402.00,123038
400.00,123188
400.00,123188
402.00,123337
402.00,123486
402.00,123486
405.00,123634
400.00,123784
402.00,123933
402.00,124082
402.00,124082
405.00,124230
400.00,124380
405.00,124528
400.00,124678
400.00,124678
405.00,124826
400.00,124976
405.00,125124
400.00,125274
400.00,125274
405.00,125422
400.00,125572
405.00,125720
400.00,125870
402.00,126019
402.00,126019
400.00,126169
405.00,126317
400.00,126467
402.00,126616
400.00,126766
405.00,126914
405.00,126914
402.00,127063
402.00,127212
402.00,127212
400.00,127362
405.00,127510
400.00,127660
400.00,127660
402.00,127809
402.00,127958
402.00,128107
400.00,128257
400.00,128257
402.00,128406
402.00,128555
402.00,128704
402.00,128704
400.00,128854
402.00,129003
402.00,129152
402.00,129301
400.00,129451
402.00,129600
402.00,129600
405.00,129748
400.00,129898
400.00,130048
405.00,130196
402.00,130345
400.00,130495
400.00,130495
402.00,130644
402.00,130793
402.00,130942
400.00,131092
402.00,131241
402.00,131390
402.00,131390
405.00,131538
400.00,131688
405.00,131836
405.00,131836
402.00,131985
402.00,132134
400.00,132284
405.00,132432
400.00,132582
402.00,132731
402.00,132880
402.00,132880
405.00,133028
400.00,133178
402.00,133327
402.00,133327
402.00,133476
402.00,133476
405.00,133624
400.00,133774
400.00,133774
402.00,133923
402.00,134072
402.00,134221
400.00,134371
402.00,134520
402.00,134669
402.00,134669
405.00,134817
400.00,134967
405.00,135115
400.00,135265
402.00,135414
400.00,135564
405.00,135712
405.00,135712
402.00,135861
402.00,136010
400.00,136160
400.00,136160
405.00,136308
405.00,136308
402.00,136457
402.00,136606
400.00,136756
400.00,136756
405.00,136904
400.00,137054
400.00,137054
402.00,137203
400.00,137353
400.00,137353
405.00,137501
400.00,137651
400.00,137651
402.00,137800
400.00,137950
405.00,138098
405.00,138098
402.00,138247
402.00,138396
400.00,138546
405.00,138694
400.00,138844
402.00,138993
402.00,138993
400.00,139143
405.00,139291
400.00,139441
402.00,139590
400.00,139740
400.00,139740
405.00,139888
405.00,139888
402.00,140037
402.00,140186
400.00,140336
405.00,140484
400.00,140634
400.00,140634
405.00,140782
405.00,140782
400.00,140932
400.00,140932
402.00,141081
402.00,141081
402.00,141230
402.00,141379
400.00,141529
402.00,141678
402.00,141827
402.00,141976
402.00,141976
402.00,142125
402.00,142274
400.00,142424
405.00,142572
405.00,142572
402.00,142721
402.00,142870
400.00,143020
405.00,143168
400.00,143318
402.00,143467
400.00,143617
405.00,143765
400.00,143915
400.00,143915
405.00,144063
402.00,144212
400.00,144362
405.00,144510
400.00,144660
402.00,144809
402.00,144809
400.00,144959
400.00,144959
405.00,145107
400.00,145257
400.00,145257
402.00,145406
400.00,145556
405.00,145704
400.00,145854
402.00,146003
402.00,146003
400.00,146153
402.00,146302
402.00,146302
402.00,146451
402.00,146600
400.00,146750
400.00,146750
402.00,146899
402.00,147048
402.00,147048
405.00,147196
405.00,147196
402.00,147345
402.00,147494
402.00,147494
402.00,147643
402.00,147792
400.00,147942
402.00,148091
402.00,148240
402.00,148389
400.00,148539
400.00,148539
402.00,148688
402.00,148837
402.00,148837
405.00,148985
400.00,149135
402.00,149284
400.00,149434
400.00,149434
405.00,149582
405.00,149582
402.00,149731
402.00,149880
400.00,150030
405.00,150178
405.00,150178
402.00,150327
402.00,150327
405.00,150475
400.00,150625
402.00,150774
402.00,150923
402.00,151072
402.00,151072
400.00,151222
400.00,151222
402.00,151371
402.00,151520
402.00,151669
400.00,151819
400.00,151819
402.00,151968
402.00,152117
402.00,152266
400.00,152416
402.00,152565
402.00,152565
402.00,152714
402.00,152863
402.00,152863
402.00,153012
402.00,153161
400.00,153311
405.00,153459
405.00,153459
402.00,153608
402.00,153757
400.00,153907
405.00,154055
405.00,154055
402.00,154204
402.00,154353
400.00,154503
400.00,154503
405.00,154651
400.00,154801
400.00,154801
405.00,154949
400.00,155099
402.00,155248
402.00,155397
402.00,155546
400.00,155696
400.00,155696
402.00,155845
402.00,155845
400.00,155995
405.00,156143
405.00,156143
402.00,156292
402.00,156441
400.00,156591
405.00,156739
405.00,156739
402.00,156888
402.00,157037
400.00,157187
402.00,157336
402.00,157336
402.00,157485
402.00,157485
405.00,157633
400.00,157783
402.00,157932
402.00,158081
402.00,158230
400.00,158380
402.00,158529
402.00,158529
400.00,158679
405.00,158827
400.00,158977
402.00,159126
400.00,159276
402.00,159425
402.00,159574
402.00,159723
402.00,159723
402.00,159872
402.00,159872
402.00,160021
400.00,160171
400.00,160171
405.00,160319
402.00,160468
400.00,160618
400.00,160768
400.00,160768
402.00,160917
405.00,161065
400.00,161215
402.00,161364
400.00,161514
400.00,161514
405.00,161662
405.00,161662
402.00,161811
402.00,161960
400.00,162110
402.00,162259
402.00,162408
402.00,162408
405.00,162556
405.00,162556
402.00,162705
402.00,162705
402.00,162854
400.00,163004
400.00,163004
405.00,163152
400.00,163302
402.00,163451
400.00,163601
400.00,163601
402.00,163750
402.00,163750
402.00,163899
402.00,164048
400.00,164198
400.00,164198
402.00,164347
402.00,164496
402.00,164496
405.00,164644
405.00,164644
402.00,164793
402.00,164793
402.00,164942
400.00,165092
405.00,165240
400.00,165390
400.00,165390
405.00,165538
400.00,165688
400.00,165688
405.00,165836
400.00,165986
402.00,166135
400.00,166285
402.00,166434
402.00,166583
402.00,166732
400.00,166882
400.00,166882
402.00,167031
400.00,167181
405.00,167329
405.00,167329
402.00,167478
402.00,167478
405.00,167626
405.00,167626
400.00,167776
402.00,167925
402.00,168074
402.00,168223
402.00,168223
402.00,168372
402.00,168521
400.00,168671
405.00,168819
400.00,168969
402.00,169118
400.00,169268
405.00,169416
405.00,169416
402.00,169565
402.00,169565
405.00,169713
405.00,169713
400.00,169863
400.00,169863
402.00,170012
402.00,170161
402.00,170310
402.00,170310
402.00,170459
402.00,170459
402.00,170608
402.00,170608
400.00,170758
405.00,170906
405.00,170906
402.00,171055
402.00,171204
402.00,171204
400.00,171354
405.00,171502
405.00,171502
402.00,171651
402.00,171800
